2.0484936
-208.2987
13.9355955
-319.3475
2.349859
-4.9486203

-14.322659
-213.87054
16.53455
-335.2165
4.484669
-3.944896

-0.18037629
-0.009627223
-0.3108244
-0.51486146
0.3540405
0.013101101

-12.6580925
-215.8512
16.646538
-335.88745
3.9154124
-4.8674574

-14.396077
-213.70813
16.17399
-334.87274
4.9695077
-4.9018126

31.983583
-103.02596
7.3260365
-246.9095
0.86978793
-3.5217843

15.769148
-189.13907
10.996438
-343.75073
0.7471995
-3.531648

5.2064815
-141.87587
13.029018
-177.11864
5.329732
-2.965324

-13.299072
-214.05281
16.784071
-336.0085
3.587847
-3.571807

41.612698
-264.5715
351.5516
498.95065
-37.756344
-40.52083


-0.7160708
-0.25790823
0.7084688
0.2871022
0.23977536
1.0466604
0.2189774
0.11303853
-0.7356655
2.3594968