4.6476245
-208.23666
30.789452
-319.3475
2.8304772
-4.6966724

-11.499183
-213.87054
32.261353
-335.2165
4.9042015
-3.8670864

-0.18037629
-0.009627223
-0.3108244
-0.51486146
0.3540405
0.013101101

-9.655796
-215.8512
32.343346
-335.88745
4.2569
-4.64088

-11.537792
-213.70813
32.036156
-334.87274
5.3973436
-4.7103157

33.363525
-102.33147
22.236132
-246.13034
1.5079696
-3.4253762

27.709791
-187.39471
75.90266
-339.141
1.9470174
-3.1967487

9.179894
-141.24385
36.672085
-175.10036
5.8581424
-2.7393754

-10.303352
-214.05281
32.399464
-336.0085
3.9181638
-3.4761949

46.194294
-185.71095
219.77892
287.1843
-5.9566107
-10.136951


-0.6021333
-0.14157353
0.7084688
0.40082657
0.35766906
1.1168133
0.69461817
0.27077952
-0.6241632
2.5705307