-0.5873098
-208.2987
1.1412166
-319.3475
2.061858
-4.9977627

-17.38348
-213.87054
5.5346045
-335.2165
4.3302736
-4.0288033

-0.18037629
-0.009627223
-0.3108244
-0.51486146
0.3540405
0.013101101

-15.71999
-215.8512
5.1046886
-335.88745
3.7294621
-4.9214134

-17.400696
-213.70813
5.521615
-334.87274
4.821465
-4.9469504

30.060871
-103.414764
-6.978617
-246.9095
0.11458433
-3.4906538

13.352522
-189.13907
-2.427769
-343.75073
0.36264017
-3.5755072

3.411156
-141.87587
-0.32217067
-177.23006
4.8280478
-3.0853317

-16.340729
-214.05281
5.2788935
-336.0085
3.4044871
-3.636039

22.852217
-167.46208
-13.987902
897.4947
-71.22976
-73.58174


-0.83322406
-0.37297553
0.7084688
0.17556953
0.1314646
0.990806
0.15531023
0.04696024
-0.87573355
1.596435