1.7944764
-208.2987
13.093137
-319.3475
2.3450575
-4.9387383

-14.340203
-213.87054
16.505405
-335.2165
4.484833
-3.9441807

-0.18037629
-0.009627223
-0.3108244
-0.51486146
0.3540405
0.013101101

-12.675637
-215.8512
16.617393
-335.88745
3.9161277
-4.867294

-14.413622
-213.70813
16.144846
-334.87274
4.9696712
-4.901649

30.709978
-103.414764
-1.0091329
-246.9095
0.6231725
-3.4542706

15.648846
-189.13907
8.484301
-343.75073
0.66417027
-3.51491

3.8982894
-141.87587
8.006731
-177.11864
5.282151
-2.9870255

-13.316617
-214.05281
16.754927
-336.0085
3.5885623
-3.5710917

19.801123
-223.96483
119.747734
566.836
-53.891354
-52.881657


-0.72622013
-0.2586338
0.7084688
0.28637663
0.2390497
1.0029747
0.21012245
0.061072517
-0.73639077
1.4911032