-0.098709896
-1.3020251
-0.18923841
0.014685807
0.6005918
0.6198872

0.17608756
-0.20671004
-0.91384614
-0.7826439
0.38212478
-0.10009545

-0.21381712
-0.15367442
-0.5184578
-0.6286465
0.7616037
-0.3713178

16.456663
-102.81109
56.573994
11.529025
-2.437972
0.46246698

17.356337
-102.94424
56.547688
11.397615
-3.1517708
1.3929025

0.11360929
-0.14925379
-0.62199485
-0.29154554
-0.18639034
-0.9713625

-0.33675557
0.16310629
-0.8689584
-0.20819443
-0.46528345
0.09285949

16.447206
-103.859344
57.23054
11.582103
-2.802739
1.2283212

-0.007847259
0.04845873
-0.7071417
-0.14486152
0.53462803
0.5056745

16.594141
-103.804726
57.18806
11.503777
-1.1857626
0.41537797


0.8578668
0.05939591
0.5063369
-0.24022649
1.0280621
0.49694124
-0.5638016
0.49457496
-0.2629855
1.4556019