-0.6246515
-208.2987
0.9750072
-319.3475
2.060202
-4.9981956

-17.519186
-213.87054
4.9569726
-335.2165
4.325461
-4.0233164

-0.18037629
-0.009627223
-0.3108244
-0.51486146
0.3540405
0.013101101

-15.851616
-215.8512
4.540276
-335.88745
3.7262294
-4.91618

-17.53552
-213.70813
4.9473715
-334.87274
4.8166213
-4.941461

21.874138
-103.70334
-13.592646
-247.22992
0.046882514
-3.2322702

12.361268
-189.15443
-2.498404
-343.77704
0.40373656
-3.51084

3.3205175
-141.8856
0.123164594
-177.23708
4.8255277
-3.0496917

-16.477139
-214.05281
4.7044654
-336.0085
3.4012923
-3.6314714

-15.507367
-3285.4807
-2287.1182
3907.197
-268.92828
-190.954


-0.83472246
-0.37829068
0.7084688
0.17036867
0.12616865
0.6574985
0.12050742
0.044176247
-0.8811376
0.077319734