-0.6246515
-208.2987
0.9750072
-319.3475
2.060202
-4.9981956

-17.519186
-213.87054
4.9569726
-335.2165
4.325461
-4.0233164

-0.18037629
-0.009627223
-0.3108244
-0.51486146
0.3540405
0.013101101

-15.851616
-215.8512
4.540276
-335.88745
3.7262294
-4.91618

-17.53552
-213.70813
4.9473715
-334.87274
4.8166213
-4.941461

22.454857
-103.68427
-13.2591715
-247.22992
0.024159187
-3.2549043

12.479589
-189.15443
-2.3902771
-343.77704
0.3990589
-3.5154166

3.5368211
-141.8856
0.64452213
-177.23708
4.816923
-3.0581424

-16.477139
-214.05281
4.7044654
-336.0085
3.4012923
-3.6314714

-14.997392
-3287.7964
-2327.664
3900.2607
-269.92633
-189.1527


-0.83472246
-0.37829068
0.7084688
0.17036867
0.12616865
0.68054485
0.12525375
0.052776292
-0.8811376
0.09462418