-0.6246515
-208.2987
0.9750072
-319.3475
2.060202
-4.9981956

-17.519186
-213.87054
4.9569726
-335.2165
4.325461
-4.0233164

-0.18037629
-0.009627223
-0.3108244
-0.51486146
0.3540405
0.013101101

-15.851616
-215.8512
4.540276
-335.88745
3.7262294
-4.91618

-17.53552
-213.70813
4.9473715
-334.87274
4.8166213
-4.941461

31.27806
-103.414764
-1.7610651
-246.9095
0.057967525
-3.4776669

13.769688
-189.13907
-0.30785474
-343.75073
0.35840124
-3.5657403

3.9461246
-141.87587
1.9961656
-177.23006
4.823023
-3.0741246

-16.477139
-214.05281
4.7044654
-336.0085
3.4012923
-3.6314714

-7.848025
-607.84515
-62.716503
771.5443
-71.440544
-73.41582


-0.83472246
-0.37829068
0.7084688
0.17036867
0.12616865
1.0306466
0.17630263
0.06901785
-0.8811376
0.36646265