-0.11873531
-208.2987
9.469256
-319.3475
2.5164926
-4.782721

-15.918142
-213.87054
13.829438
-335.2165
4.6920404
-3.927003

-0.18037629
-0.009627223
-0.3108244
-0.51486146
0.3540405
0.013101101

-14.144299
-215.8512
13.452873
-335.88745
4.032638
-4.7178636

-15.918671
-213.70813
13.806184
-334.87274
5.189656
-4.781646

28.964767
-103.02596
-2.4516633
-246.9095
0.9797822
-3.4398267

13.158583
-189.13907
5.286453
-343.75073
0.85546273
-3.437721

2.3108332
-141.87587
5.7087126
-177.073
5.466882
-2.8819046

-14.786343
-214.05281
13.5589
-336.0085
3.6763828
-3.5383632

24.033813
-180.9803
48.713787
278.3991
-22.023438
-24.177761


-0.7909596
-0.31715772
0.7084688
0.22267875
0.18393268
0.941207
0.11851817
-0.0024879694
-0.8025325
1.6910619