2.7405543
-207.41805
166.74535
-315.45383
8.282722
-2.7733114

1.6211811
-207.57199
164.15178
-316.44983
8.286081
-3.162281

-0.18037629
-0.009627223
-0.3108244
-0.51486146
0.3540405
0.013101101

3.1510348
-208.1077
165.95914
-316.7651
7.806265
-3.8629425

1.6551795
-207.45467
163.901
-316.12894
8.770785
-4.0275855

15.41066
-134.34482
83.30987
-158.84816
6.2566504
-1.8587625

26.546793
-131.41483
128.15567
-132.34973
7.698833
-3.1179435

11.443052
-138.17644
68.20882
-169.12311
6.6791863
-2.4686325

2.4335256
-207.80862
164.13864
-317.258
7.3102436
-2.769994

55.492855
-23.724215
120.24012
145.6757
-0.22110118
0.7865663


-0.6740263
0.37303495
0.7084688
0.9023969
0.8808407
0.39085838
0.6545832
0.35645714
-0.11952609
2.9140434