1.5025254
-208.2987
11.316677
-319.3475
2.2592597
-4.995384

-14.890214
-213.87054
16.051783
-335.2165
4.4504266
-4.0

-0.18037629
-0.009627223
-0.3108244
-0.51486146
0.3540405
0.013101101

-13.241477
-215.8512
15.7955
-335.88745
3.8817937
-4.9000072

-14.909149
-213.70813
16.01529
-334.87274
4.9402146
-4.923726

31.238562
-103.414764
1.6969402
-246.9095
0.3586271
-3.506239

15.23733
-189.13907
7.0482364
-343.75073
0.5568248
-3.5780284

4.951211
-141.87587
7.8860965
-177.23006
4.950699
-3.055079

-13.885698
-214.05281
15.852337
-336.0085
3.5550613
-3.6547244

45.82052
-175.84471
171.29283
711.3223
-67.585365
-65.67967


-0.74469244
-0.2749827
0.7084688
0.27371305
0.22927018
1.0476958
0.22728583
0.106568955
-0.77534527
2.5055714