3.1918707
-208.2987
18.28076
-319.3475
2.3686612
-4.9302063

-13.40246
-213.87054
19.924974
-335.2165
4.498205
-3.9387908

-0.18037629
-0.009627223
-0.3108244
-0.51486146
0.3540405
0.013101101

-11.566483
-215.8512
20.49909
-335.88745
3.9316156
-4.860605

-13.522302
-213.70813
19.410727
-334.87274
4.9800673
-4.899981

31.074389
-103.414764
1.0418013
-246.9095
0.6215467
-3.454014

16.496042
-189.13907
11.858332
-343.75073
0.68641067
-3.5126765

5.714409
-141.87587
14.406834
-177.21564
5.2985125
-2.9695356

-12.209001
-214.05281
20.620039
-336.0085
3.6040335
-3.5653532

58.199577
-215.17189
239.55031
628.98474
-54.319965
-52.882668


-0.6763967
-0.21925196
0.7084688
0.33088925
0.27503332
1.0131508
0.24804974
0.13276257
-0.69514304
3.00091