0.4266238
-208.2987
6.4701414
-319.3475
2.2569132
-4.8589272

-16.166643
-213.87054
8.752923
-335.2165
4.467091
-3.9202302

-0.18037629
-0.009627223
-0.3108244
-0.51486146
0.3540405
0.013101101

-14.472644
-215.8512
8.782219
-335.88745
3.806334
-4.8004684

-16.189611
-213.70813
8.634705
-334.87274
4.9651465
-4.8559027

30.393532
-103.02596
-1.1920694
-246.9095
0.7558964
-3.454825

14.096398
-189.13907
3.5935748
-343.75073
0.6287972
-3.4662094

3.0616744
-141.87587
3.522097
-177.11864
5.2124033
-2.9054406

-15.124522
-214.05281
8.885575
-336.0085
3.4788933
-3.5396113

48.488
-185.54074
271.32114
520.6946
-23.511747
-30.694393


-0.7741754
-0.3361866
0.7084688
0.2101217
0.1612232
0.99926054
0.15551119
0.02737792
-0.80819213
2.6458292