-208.2987
3.176689
-319.3475
2.2592409
-4.862331

-17.206263
-213.87054
6.011459
-335.2165
4.467904
-3.9239662

-0.18037629
-0.009627223
-0.3108244
-0.51486146
0.3540405
0.013101101

-15.146636
-215.8512
5.8681717
-335.88745
3.8061533
-4.8034816

-17.229826
-213.70813
5.9495482
-334.87274
4.965925
-4.8586755

29.551645
-103.02596
-4.9261746
-246.9095
0.71889573
-3.4619718

13.124031
-189.13907
-0.06236242
-343.75073
0.5925182
-3.4733675

2.116261
-141.87587
0.010867851
-177.11864
5.2150807
-2.912472

-15.79543
-214.05281
5.9918933
-336.0085
3.4786541
-3.5434647

29.033587
-175.45715
11.733923
485.07214
-24.66097
-31.617134


-0.80886716
-0.36552498
0.7084688
0.17943296
0.13372111
0.97461057
0.11516313
-0.010852657
-0.8467972
1.8900427