2.8340144
-208.2987
12.879543
-319.3475
2.1587594
-4.9979467

-14.097861
-213.87054
16.427853
-335.2165
4.449678
-3.9548965

-0.18037629
-0.009627223
-0.3108244
-0.51486146
0.3540405
0.013101101

-12.455487
-215.8512
16.173689
-335.88745
3.8470747
-4.9026356

-14.113628
-213.70813
16.391163
-334.87274
4.939466
-4.926359

32.922085
-103.414764
3.208948
-246.9095
0.23092616
-3.4407887

16.931719
-189.13907
9.445974
-343.75073
0.43555382
-3.5104513

6.0890446
-141.87587
8.793141
-177.23006
4.9483466
-2.9867373

-13.099587
-214.05281
16.226463
-336.0085
3.5203407
-3.5859354

55.035217
-162.3931
65.38775
721.649
-67.67891
-65.596924


-0.68846166
-0.24302016
0.7084688
0.30291125
0.2587597
1.1057844
0.28485137
0.15156877
-0.742222
2.857825