1.6734211
-208.2987
15.674496
-319.3475
2.564742
-4.783215

-14.186227
-213.87054
19.653267
-335.2165
4.7148848
-3.9185293

-0.18037629
-0.009627223
-0.3108244
-0.51486146
0.3540405
0.013101101

-12.367568
-215.8512
19.43937
-335.88745
4.0565867
-4.7178206

-14.1982355
-213.70813
19.59029
-334.87274
5.2110233
-4.783241

29.71724
-103.02596
0.45903713
-246.9095
0.97281796
-3.4393616

14.360674
-189.13907
9.0688925
-343.75073
0.85978323
-3.4373083

4.362696
-141.87587
12.623279
-177.11864
5.4976225
-2.8635652

-13.0242815
-214.05281
19.497448
-336.0085
3.7269359
-3.5287063

61.09713
-172.3837
166.41133
341.61105
-22.518284
-24.146587


-0.7179424
-0.2502721
0.7084688
0.29135758
0.25032803
0.9806983
0.16426447
0.078470215
-0.73493844
3.1628084