2.8588886
-208.2987
12.882338
-319.3475
2.1651125
-4.9979467

-14.015897
-213.87054
16.583801
-335.2165
4.4552536
-3.9570422

-0.18037629
-0.009627223
-0.3108244
-0.51486146
0.3540405
0.013101101

-12.366668
-215.8512
16.338232
-335.88745
3.8523757
-4.9026356

-14.031664
-213.70813
16.547112
-334.87274
4.9450417
-4.926359

33.43471
-103.414764
3.3820105
-246.9095
0.23216723
-3.4417999

17.2676
-189.13907
9.450114
-343.75073
0.43181092
-3.5109031

6.128063
-141.87587
8.926837
-177.23006
4.955163
-2.9867537

-13.015013
-214.05281
16.3847
-336.0085
3.5256417
-3.5880811

46.568295
-162.3715
33.836502
707.07935
-67.73571
-65.61258


-0.6785377
-0.24389248
0.7084688
0.30192554
0.25751236
1.1263388
0.2850879
0.15252078
-0.73334104
2.5325837