1.0559138
-207.6904
161.18886
-317.0481
8.322511
-2.753933

0.19685197
-207.79575
159.2139
-317.80722
8.327289
-3.1509585

-0.18037629
-0.009627223
-0.3108244
-0.51486146
0.3540405
0.013101101

1.6017994
-208.38179
160.72171
-318.2539
7.8486967
-3.8485303

0.23297487
-207.67815
158.97093
-317.47955
8.811993
-4.0169454

14.0090885
-134.54094
77.190315
-160.66696
6.3088865
-1.8508415

17.612862
-132.68562
94.64132
-151.73131
7.693316
-3.1841764

10.753035
-138.28561
65.59628
-169.60306
6.6989536
-2.4721086

1.0093526
-208.03217
159.21849
-318.60352
7.354069
-2.7587678

3.9526825
-44.56998
3.5886846
35.360962
0.65728897
0.752054


-0.7316437
0.32187396
0.7084688
0.8490703
0.83162785
0.32569122
0.30076694
0.3286888
-0.17590927
0.86656755