1.9083941
-208.2987
9.608667
-319.3475
2.1546226
-4.9915547

-15.023862
-213.87054
13.559397
-335.2165
4.44207
-3.9496827

-0.18037629
-0.009627223
-0.3108244
-0.51486146
0.3540405
0.013101101

-13.377665
-215.8512
13.216491
-335.88745
3.8439586
-4.894355

-15.031607
-213.70813
13.535478
-334.87274
4.9316463
-4.9176345

33.288883
-103.414764
-0.21372746
-246.9095
0.21820042
-3.435554

16.305017
-189.13907
6.061969
-343.75073
0.41445184
-3.5037012

5.179877
-141.87587
5.6397843
-177.21564
4.94889
-2.979835

-14.028172
-214.05281
13.325728
-336.0085
3.5170045
-3.5817595

18.503166
-176.002
-77.120674
650.0599
-67.4582
-65.66749


-0.72585815
-0.2826552
0.7084688
0.25991583
0.21577978
1.1116735
0.24562325
0.114843294
-0.76831025
1.4233662